3.60824 18
3.82820 13
3.88324 29
4.03000 6
4.20424 4
4.61788 11
4.61924 11
4.64472 4
4.71020 11
4.71188 11
4.71964 0
4.79476 11
4.86348 11
5.40612 24
5.79024 33
5.81332 18
5.92908 39
6.13292 22
6.28064 13
6.56196 56
6.93548 44
7.21452 58
7.50080 13
7.53452 56
7.54380 27
7.60972 35
7.66920 1
7.68940 17
7.84916 25
8.00476 6
8.02860 46
8.07152 27
8.09860 41
8.17196 20
8.44696 20
8.55368 29
8.70240 57
8.84108 33
8.91076 5
8.93920 19
8.98876 3
9.02500 7
9.30668 53
9.56116 13
9.62216 33
9.66544 40
9.71580 2
9.74136 11
9.74292 11
9.77880 13
9.79204 11
9.80144 44
9.84660 11
9.92716 11
10.01276 11
10.02612 1
10.09372 42
10.18940 18
10.28360 8
10.29820 20
10.42712 18
10.54128 55
11.05528 16
11.10092 16
11.25740 18
11.25852 58
11.30412 53
11.36184 45
11.49608 29
11.56076 18
11.92792 4
12.25900 15
12.27344 25
12.36556 52
12.87500 54
12.89988 18
13.01672 0
13.06304 47
13.12428 56
13.16304 44
13.37868 13
13.42424 18
13.52188 13
13.76664 20
13.83228 6
13.89264 13
13.99376 22
14.24276 50
14.32800 11
14.72068 24
14.94596 44
15.03732 47
15.28980 45
15.29636 41
15.36040 20
15.53356 3
15.61600 11
15.77604 58
15.96744 53
16.00736 11
16.00884 11
16.09020 11
16.09192 11
16.18584 11
16.18720 11
16.22576 44
16.25892 11
16.35712 18
16.59836 11
16.66456 27
17.67976 59
17.68316 47
17.68784 40
17.80404 42
17.85160 13
17.87556 12
18.01708 34
18.21332 11
18.45936 53
18.68264 1
18.85340 50
19.18224 22
19.39736 20
19.84908 47
19.94692 35
20.06540 57
20.09316 2
20.20936 56
20.41732 42
20.43572 15
20.49876 25
20.62940 18
20.64404 8
20.71572 5
20.72936 58
20.91920 3
21.01272 19
21.14664 2
21.32128 7
21.45468 0
21.61992 39
21.66676 33
21.92928 35
21.93852 5
22.11628 18
22.23024 51
22.50796 13
22.57092 5
23.04764 47
23.05336 34
23.11688 18
23.15892 35
23.42056 55
23.48804 39
23.66360 58
23.82912 33
23.87772 1
24.03368 48
24.16296 54
24.18772 21
24.19364 35
24.35024 18
24.63132 38
24.75868 39
24.78548 11
25.03224 0
25.04500 19
25.14020 44
25.35244 7
25.45540 6
25.55836 15
25.56268 41
25.62676 59
25.79700 11
25.79884 11
25.83280 18
25.84360 12
25.88708 11
26.03184 11
26.03352 11
26.05368 12
26.07912 24
26.12084 4
26.23740 35
26.34732 51
26.37892 47
26.39008 12
26.55632 51
26.56096 10
26.79916 29
27.06808 2
27.10836 2
27.15848 40
27.56016 2
27.67488 6
27.75600 13
27.84984 18
28.05364 54
28.23260 42
28.26484 22
28.29832 18
28.33972 12
28.82296 22
29.14588 48
29.20460 0
29.22524 58
29.37884 2
29.49576 0
29.62624 53
29.64092 12
29.68944 53
29.86772 18
29.99440 9
30.11960 52
30.23036 49
30.26120 7
30.35440 4
30.39624 27
30.44648 33
30.61148 13
30.70328 36
30.82028 8
30.83024 2
30.84940 22
30.89208 59
30.99856 46
31.06332 56
31.31056 48
31.42516 18
31.62656 33
31.70708 0
31.71324 53
31.75324 44
31.79740 25
31.82904 13
31.87004 4
31.91608 34
32.02148 4
32.12712 44
32.13276 52
32.14248 4
32.26468 47
32.32792 27
32.36484 34
32.39608 36
32.40788 13
32.47396 56
32.47668 59
32.67292 6
32.79360 49
32.98132 56
33.01696 51
33.05480 21
33.26560 52
33.27220 23
33.29620 2
33.38248 10
33.41572 15
33.56040 3
33.75068 53
33.83772 22
33.85020 11
33.85280 11
33.99036 11
33.99184 11
34.02756 45
34.18656 7
34.54920 23
34.63132 40
34.82556 24
34.92308 9
35.06404 18
35.07780 41
35.41756 19
35.69844 3
35.72884 55
35.76144 48
35.92276 1
36.03364 42
36.20512 55
36.38752 41
36.65748 18
36.68348 51
36.72044 18
36.99884 42
37.10104 33
37.13320 29
37.28264 0
37.40504 48
37.50784 8
37.53000 11
37.81368 53
37.82632 19
37.90716 30
37.91292 55
38.01760 33
38.02424 18
38.15348 58
38.25880 13
38.46084 13
38.71536 27
38.82124 9
38.83480 8
39.15836 59
39.26144 34
39.26216 18
39.37380 51
39.52920 52
39.55920 46
39.99236 42
40.11208 29
40.16108 18
40.20312 22
40.36020 17
40.54744 18
40.71080 44
40.78220 5
40.83392 56
40.86152 18
40.87472 47
40.90248 32
41.10044 55
41.31968 56
41.40036 15
41.60028 33
41.85316 13
41.99460 3
42.07108 11
42.07308 11
42.17452 3
42.17860 10
42.22508 7
42.23928 36
42.25132 36
42.25644 11
42.25824 11
42.36572 32
42.47256 33
42.49844 54
42.52100 3
42.70000 35
42.98980 13
43.00288 13
43.14008 13
43.21764 58
43.24076 42
43.29188 59
43.30108 22
43.38200 50
43.46700 6
43.53320 6
43.59684 21
43.62456 0
43.89212 0
43.89576 46
43.90744 33
44.03056 49
44.53488 18
44.57452 18
44.75120 7
44.84348 44
44.87312 50
44.94392 35
45.04884 20
45.08376 49
45.15208 19
45.28720 24
45.31820 56
45.32412 23
45.40876 12
45.40964 13
45.41100 36
45.49196 13
45.73308 11
45.73480 11
45.85768 11
45.85944 11
45.92852 23
45.96860 32
46.16016 45
46.40660 6
46.45516 33
46.49584 29
46.51936 39
46.57360 27
46.60756 27
46.65356 44
46.76024 27
46.82492 27
46.82748 25
46.89436 27
46.92824 27
47.07572 27
47.22908 20
47.24496 21
47.25336 9
47.33560 51
47.40192 41
47.40756 25
47.42428 54
47.44532 44
47.48544 5
47.61864 59
47.62536 33
47.69016 13
47.73392 51
47.78568 54
47.85316 19
47.92520 44
48.19064 13
48.70348 3
48.72220 20
48.79604 52
48.83984 18
48.87184 13
48.88528 15
48.96288 48
49.13644 41
49.15356 11
49.15528 11
49.21968 7
49.31096 52
49.39084 11
49.39216 11
49.47024 24
49.47432 7
49.57836 32
49.59368 48
49.64388 18
49.67108 55
49.75248 41
50.10672 59
50.30216 41
50.45056 59
50.48396 18
50.52608 4
50.74780 5
50.79632 5
50.85188 5
50.96488 5
51.00136 35
51.10196 10
51.15484 24
51.50880 15
51.53732 13
51.63508 9
52.13932 13
52.32284 51
52.33520 13
52.64672 56
52.73768 22
52.79928 49
53.24844 52
53.29784 10
53.33572 33
53.45508 22
53.46420 1
53.56804 1
53.60900 2
53.63280 10
53.65016 17
53.65592 28
53.68108 25
53.72452 29
53.73300 18
53.78352 9
53.81932 21
53.86128 8
53.88216 10
53.96400 11
54.03736 55
54.07680 11
54.14864 22
54.19364 11
54.19548 11
54.45116 36
55.03628 46
55.12104 49
55.16784 27
55.19864 39
55.21008 34
55.64328 29
55.67960 21
55.69340 13
55.77748 2
55.96444 52
56.09156 17
56.10340 49
56.17488 46
56.31728 56
56.41504 49
56.65944 59
56.89024 36
56.96380 18
57.06760 48
57.08184 21
57.16748 40
57.53604 47
57.53736 54
57.55100 56
57.66824 45
57.87732 0
58.05072 13
58.22240 40
58.24680 18
58.34476 6
58.53708 23
58.84484 35
58.99852 52
59.03412 18
59.64596 36
60.00164 23
60.03148 53
60.20332 18
60.28384 48
60.42136 18
60.49040 33
60.50292 6
60.73692 24
60.78928 13
60.79416 23
60.79576 48
60.80328 29
60.88988 18
60.92288 51
60.92372 1
60.93104 11
60.94264 38
60.97708 56
61.05076 42
61.40328 18
61.40620 5
61.42280 44
61.63180 18
61.65024 38
61.66240 11
61.66424 11
61.74632 11
61.74796 11
61.79284 56
61.80220 2
61.83340 11
61.83488 11
61.86244 16
61.89548 17
62.01712 29
62.07904 56
62.23392 45
62.33252 24
62.51752 45
62.59752 35
62.63992 33
62.87068 7
62.99756 44
63.17760 59
63.27556 48
63.39804 4
63.62048 44
63.98040 34
64.12372 35
64.12636 53
64.13720 35
64.15612 35
64.26720 38
64.31024 51
64.39796 24
64.43528 21
64.47544 48
64.64100 38
64.66940 20
64.86416 10
64.94936 25
65.05420 12
65.05992 58
65.06888 55
65.08144 6
65.14340 58
65.16912 2
65.18408 56
65.18540 58
65.26760 58
65.31756 47
65.35836 58
65.43812 58
65.48292 41
65.52448 58
65.60792 58
65.64264 4
65.64556 15
65.67652 58
65.74112 53
65.77920 58
65.79020 27
65.84504 46
65.86848 58
65.96604 29
66.11088 27
66.17208 29
66.31772 13
66.40788 9
66.46044 17
66.69612 50
66.99316 51
67.10836 1
67.57332 53
67.63224 25
67.65192 0
67.73656 33
67.78112 9
68.11528 39
68.13096 11
68.13220 11
68.19064 5
68.19536 11
68.22240 16
68.30004 11
68.31796 8
68.37256 1
68.38808 18
68.57168 10
68.71920 13
68.84584 38
68.84844 19
68.98364 46
68.98960 34
69.87960 56
70.01076 11
70.05596 11
70.14512 11
70.21736 54
70.32896 18
70.34924 11
70.42540 51
70.56512 5
70.72700 46
70.84852 20
70.85296 22
70.97168 58
71.07096 39
71.19672 27
71.67000 40
71.87796 57
71.97944 18
72.00836 36
72.15016 47
72.15276 47
72.19208 0
72.24480 47
72.32416 47
72.32544 47
72.35692 56
72.37948 47
72.37996 47
72.38176 47
72.49312 47
72.49608 47
72.52308 21
72.80420 21
72.82852 17
72.94964 13
73.15204 44
73.23096 27
73.26804 8
73.31688 8
73.32932 41
73.69044 53
73.77412 45
73.91532 56
73.93008 24
73.94612 48
74.03308 48
74.17596 24
74.20940 50
74.42076 13
74.47740 55
74.66396 40
74.70364 18
74.99552 44
75.02028 11
75.10580 27
75.11724 13
75.47836 33
75.50488 53
75.69912 18
75.71796 2
75.74240 18
75.94480 48
75.95740 39
75.96544 18
75.97996 16
75.98368 52
75.99760 17
76.05240 11
76.08504 0
76.13456 11
76.20656 9
76.22860 11
76.23048 11
76.55304 57
76.69004 18
76.77356 44
76.83848 16
76.99748 22
77.08208 22
77.18824 46
77.32572 3
77.45560 18
77.58112 20
77.62340 2
77.65256 58
77.79416 13
77.91828 57
77.94532 44
78.10996 17
78.47748 39
78.62828 9
78.71136 25
78.74584 42
78.93632 10
79.03724 1
79.22680 55
79.61388 46
79.67428 11
79.67612 11
79.71728 40
79.76944 11
79.82652 44
79.82756 44
79.93336 44
79.96664 57
80.28976 22
80.40012 33
80.50372 20
80.70168 29
80.82076 10
80.83008 19
80.90368 59
80.90828 26
80.90868 36
81.23060 8
81.24696 13
81.37748 13
81.42476 18
81.56248 35
81.73496 58
81.75108 9
81.92320 46
81.94596 0
82.02860 18
82.03696 3
82.08476 55
82.47508 16
82.57328 11
82.64696 11
82.66888 2
82.68084 45
82.72404 11
82.83072 11
82.85116 55
82.97688 1
83.10628 36
83.13912 33
83.26068 7
83.29868 40
83.39596 50
83.41304 11
83.45968 48
83.50232 6
83.53076 42
83.72452 40
83.87748 0
83.95292 49
84.15392 22
84.16112 53
84.31728 29
84.37680 58
84.50124 18
84.54848 58
84.61484 58
84.66900 20
84.70300 18
84.70568 58
84.75476 36
84.91780 9
84.94500 45
84.95752 53
84.97956 40
85.01928 52
85.08208 2
85.21564 15
85.23756 56
85.27288 34
85.35232 46
85.36684 29
85.43296 55
85.60656 16
85.62592 40
85.65072 13
85.91636 18
85.95680 13
86.18480 42
86.21912 55
86.23100 11
86.26336 36
86.31696 12
86.33164 11
86.33340 11
86.40524 48
86.41736 11
86.44920 18
86.46928 45
86.50240 11
86.50352 11
86.81024 1
86.91408 44
87.04092 20
87.04528 53
87.07808 10
87.18072 48
87.22724 53
87.40120 22
87.41628 44
87.50900 5
87.52364 7
87.59596 11
87.61388 21
87.75840 36
88.06004 12
88.14464 15
88.20352 13
88.49388 41
88.53612 36
88.74080 50
89.03444 18
89.04284 5
89.09940 57
89.17112 11
89.26676 21
89.33012 2
89.49800 13
89.59476 34
89.73980 7
90.07004 24
90.15276 42
90.21520 11
90.29524 11
90.29720 11
90.29780 46
90.38368 11
90.38512 11
90.43940 57
90.47080 41
90.47864 11
90.48040 11
90.49440 56
90.49976 57
90.59908 54
90.88292 44
90.89536 33
91.06068 15
91.06180 24
91.18032 5
91.22232 9
91.29436 33
91.40416 45
91.47844 18
91.49976 19
91.72368 29
91.74920 17
92.16332 23
92.20556 3
92.44756 13
92.56140 22
92.58240 41
92.68320 58
92.75468 47
92.83944 57
92.88160 56
93.01436 17
93.13356 42
93.29048 19
93.40212 42
93.47348 19
93.75784 33
93.87420 2
93.95688 12
93.98364 13
94.19824 9
94.27968 13
94.31716 41
94.34416 57
94.44320 24
94.48716 46
94.71220 46
94.76172 23
94.92840 13
95.20000 25
95.32240 11
95.37136 20
95.46040 17
95.52620 11
95.52768 11
95.54652 46
95.54820 46
95.63152 11
95.63268 11
95.63332 11
95.66596 51
95.70860 18
95.84628 22
95.85828 54
95.87784 16
95.87876 23
96.08328 9
96.11852 39
96.29428 41
96.30248 30
96.33880 30
96.37060 30
96.40256 30
96.40400 33
96.52216 56
96.53276 46
96.57856 4
96.72388 3
96.79936 20
96.84240 16
97.03060 48
97.06712 18
97.08492 13
97.15672 51
97.18116 1
97.41476 22
97.42852 2
97.45612 4
97.47024 2
97.71184 17
97.71384 18
97.75832 33
97.77836 9
98.07708 22
98.08684 35
98.25080 16
98.27080 19
98.58580 2
98.82180 11
98.98000 34
99.07256 23
99.42620 2
99.58496 57
99.64408 18
99.90004 50
99.94132 57
100.02340 25
100.08472 54
100.31808 18
100.35704 36
100.47292 3
100.69336 48
100.83548 18
100.84496 47
100.94164 48
100.97068 22
101.03632 17
101.04652 50
101.05668 56
101.07572 55
101.23668 48
101.24092 13
101.25920 44
101.26320 36
101.28456 49
101.28524 35
101.30908 42
101.47368 1
101.86236 56
101.92664 12
101.94408 7
102.04948 38
102.12044 32
102.16684 50
102.27936 5
102.36232 23
102.36336 51
102.73512 12
102.79540 48
102.91812 52
103.15820 40
103.37820 19
103.49156 13
103.60940 13
103.61148 7
103.74620 19
104.39444 49
104.54304 33
104.91460 44
105.12952 13
105.16680 13
105.19892 58
105.44120 22
105.45496 5
105.52504 2
105.65180 8
105.78792 9
105.80384 18
105.80392 0
106.16092 22
106.35292 5
106.37512 10
106.37520 49
106.43548 24
106.59916 54
106.61572 2
106.78340 26
107.06764 18
107.33132 46
107.37556 13
107.43152 51
107.66924 18
107.73588 1
107.83280 57
107.88860 1
107.90316 22
107.95652 1
107.96276 1
108.03144 1
108.11848 1
108.13352 59
108.18252 1
108.23088 1
108.32664 1
108.36808 1
108.38380 55
108.40076 51
108.45220 1
108.49084 56
108.51500 38
108.53840 27
108.55900 13
108.57212 50
108.57288 1
108.58392 21
108.72112 5
108.79152 18
108.94176 2
109.02564 18
109.26256 41
109.31780 29
109.45360 8
109.64720 25
109.71872 4
109.76432 46
109.81020 5
109.89628 34
109.90072 18
109.95072 23
110.45104 51
110.53516 51
110.53900 55
110.62196 22
110.62556 57
110.65256 8
110.71924 35
110.74744 3
110.88144 0
110.93524 16
111.10308 22
111.15468 7
111.65892 52
111.66800 18
111.74112 7
111.81644 47
111.87560 7
111.88560 2
112.00680 38
112.08792 36
112.11160 18
112.33068 19
112.52652 11
112.57568 29
112.65104 53
112.78416 48
112.79404 21
112.81904 24
113.15812 18
113.32020 0
113.58700 54
113.70224 34
113.82488 1
113.86148 19
114.01892 58
114.05292 2
114.09612 2
114.20044 49
114.25492 50
114.38040 11
114.38212 11
114.45880 11
114.46056 11
114.52744 45
114.56020 11
114.56904 13
114.95720 2
115.05372 17
115.21144 44
115.23308 16
115.24652 23
115.28692 48
115.38536 33
115.47392 11
115.67144 38
115.86124 3
115.92720 22
116.20920 48
116.21880 3
116.31076 51
116.38552 36
116.43248 47
116.60692 58
116.62984 12
116.69564 45
116.72772 49
116.86528 59
116.89564 32
117.08912 16
117.16564 56
117.27568 1
117.33632 47
117.61172 11
117.65052 4
117.97980 45
118.01288 41
118.17160 54
118.22464 18
118.28344 12
118.35728 46
118.42968 12
118.48260 6
118.57988 1
118.68384 15
118.70484 48
118.88668 59
118.93392 9
118.94196 20
119.03272 9
119.04336 5
119.05908 13
119.11912 48
119.27044 21
119.28724 48
119.35068 7
119.46272 34
119.51720 38
119.56220 7
119.58584 54
119.59380 13
119.64808 2
119.88856 46
119.90560 32
119.92128 15
119.97744 44
120.13664 24
120.16660 44
120.27432 18
120.37160 22
120.44548 32
120.44688 34
120.66292 4
120.76172 1
120.94428 12
121.08036 9
121.17176 0
121.20404 0
121.34056 45
121.40464 5
121.43940 41
121.45952 11
121.46152 11
121.55196 11
121.66204 11
121.69064 9
121.77464 13
121.89184 13
121.95988 13
122.01876 13
122.03324 34
122.08200 46
122.12244 52
122.15312 13
122.16896 0
122.29196 44
122.66104 38
122.67336 13
122.70236 38
122.95924 8
123.18564 55
123.18748 6
123.23780 58
123.24752 48
123.24848 47
123.25148 7
123.43624 48
123.49644 29
123.59416 20
123.70716 5
124.17236 18
124.39912 20
124.48652 24
124.62600 58
124.62916 25
124.72464 2
124.81884 7
124.95588 15
125.13256 2
125.35216 7
125.36864 58
125.39696 45
125.42176 58
125.48352 58
125.48832 27
125.54784 58
125.59460 46
125.60256 18
125.61372 50
125.61808 58
125.67872 58
125.73944 58
125.85756 58
125.87720 17
125.87924 57
125.91444 58
125.94664 7
126.02088 58
126.12436 58
126.29356 58
126.32048 18
126.35932 53
126.53472 13
126.61268 41
126.62424 18
126.67676 59
126.69928 13
126.81560 4
127.11600 9
127.36788 11
127.45352 17
127.58556 11
127.58796 11
127.66216 11
127.86520 11
127.91920 7
127.93912 18
128.10332 44
128.22140 54
128.25200 56
128.33860 22
128.36148 35
128.49912 47
128.75956 33
128.84708 18
128.94520 45
128.95904 55
128.99688 49
129.01476 40
129.02432 46
129.06096 36
129.13232 49
129.17536 55
129.18700 40
129.33584 9
129.55720 29
129.70284 1
129.77124 10
129.88088 22
129.98648 51
130.02092 1
130.04628 7
130.09264 38
130.10384 18
130.15492 7
130.38112 44
130.62048 44
130.62196 38
130.65908 22
130.78556 24
130.80888 2
130.86500 2
130.90828 11
130.91616 2
130.92072 18
131.05640 52
131.17532 13
131.30296 8
131.34044 57
131.34520 4
131.43952 7
131.53708 6
131.60736 38
131.98676 55
132.10276 18
132.34460 18
132.45004 56
132.51792 9
132.53396 50
132.62364 21
132.72392 13
132.73168 52
132.74872 29
132.76928 1
132.84940 22
132.99452 50
133.14604 9
133.29200 52
133.47032 15
133.48664 21
133.57148 1
133.57468 1
133.68504 45
133.69548 1
133.79504 1
133.83652 22
133.84916 1
133.91060 1
133.97532 12
134.00988 1
134.08112 53
134.14024 47
134.21708 44
134.22268 2
134.27188 1
134.34344 4
134.34612 11
134.34844 18
134.47832 11
134.57272 11
134.58148 13
134.62508 51
134.69732 6
134.88276 50
134.88500 50
135.04032 10
135.10360 13
135.19176 32
135.40116 18
135.64632 35
135.68852 18
135.73112 58
135.81564 5
135.99620 22
136.03816 35
136.18072 54
136.29356 22
136.80160 40
136.81608 35
136.97216 18
137.02956 11
137.03112 11
137.14612 11
137.23464 42
137.24860 11
137.25512 16
137.26788 12
137.29832 58
137.33980 11
137.65348 53
137.89336 18
137.99720 42
138.04420 16
138.06424 13
138.15628 44
138.21724 36
138.24844 7
138.33304 8
138.50084 18
138.65284 18
138.82784 24
138.84940 5
138.89560 18
139.16064 52
139.22168 47
139.41932 40
139.52976 18
139.62032 33
139.74768 51
139.93812 13
140.01600 41
140.09220 18
140.15324 32
140.31080 13
140.53000 16
140.54328 56
140.59616 44
140.65976 30
140.71116 48
140.99860 22
141.09896 49
141.11316 46
141.31424 59
141.47536 22
141.56560 24
141.61064 48
141.91792 13
142.43936 42
142.59208 12
142.64884 11
142.65064 11
142.71552 11
142.71712 11
142.76692 39
142.78268 11
142.78456 11
142.87232 11
142.89184 11
142.94124 18
142.94696 11
143.02016 48
143.03220 11
143.04108 13
143.10488 11
143.19188 52
143.32688 25
143.43408 13
143.46508 39
143.56168 47
143.58980 40
143.64996 32
143.72784 0
143.78204 13
143.83436 33
144.01340 20
144.12984 7
144.13184 20
144.27336 32
144.30788 25
144.54588 32
144.63708 42
144.74428 18
144.98872 57
145.00292 18
145.03348 47
145.16648 16
145.33648 40
145.42056 32
145.61660 2
145.76348 10
145.95060 29
146.01704 6
146.32388 18
146.33608 21
146.35280 21
146.45568 19
146.51464 29
146.53344 25
146.58908 52
146.65420 3
146.65708 3
146.76732 59
146.80360 51
146.95308 44
147.13204 20
147.27100 21
147.31124 17
147.47448 58
147.52736 57
147.53028 58
147.57868 58
147.58356 18
147.67632 58
147.71332 45
147.73420 13
147.75000 17
147.75440 58
147.76096 11
147.76332 11
147.78432 32
147.82756 58
147.84428 11
147.84592 11
147.87956 7
147.91604 11
147.91740 11
147.97000 4
147.98956 58
148.13384 58
148.19472 41
148.23180 29
148.30848 29
148.34128 29
148.39688 32
148.53320 29
148.73428 4
148.78640 12
148.84800 44
148.98812 12
148.99108 5
149.03484 46
149.03808 57
149.03896 18
149.10232 18
149.14876 22
149.36776 21
149.40136 4
149.42432 50
149.56664 25
149.58228 10
149.64272 32
149.65744 13
149.85772 44
150.00856 13
150.41464 56
150.44180 13
150.52004 22
150.57524 15
150.67012 44
150.92480 50
150.95840 8
151.05004 25
151.11580 5
151.19876 24
151.43724 38
151.67624 18
151.85260 38
152.11580 53
152.15188 11
152.15384 11
152.16272 59
152.23328 11
152.23500 11
152.30192 11
152.30368 11
152.42860 6
152.56344 55
152.60500 23
152.74960 16
152.79460 44
152.90160 44
152.94620 8
152.96580 17
153.08016 56
153.27444 18
153.27508 58
153.29844 35
153.32708 52
153.32744 58
153.47668 59
153.53088 46
153.55920 30
153.65016 6
153.68260 21
154.11900 32
154.36332 36
154.53208 41
154.71036 20
154.72508 56
154.72564 18
154.75900 33
155.06532 19
155.08836 35
155.29456 13
155.61104 18
155.68376 47
155.72096 13
155.93052 42
155.93724 36
156.01488 52
156.08424 6
156.14380 34
156.39328 1
156.67548 20
156.70988 44
157.38608 19
157.46452 45
157.56592 32
157.59832 11
157.60024 11
157.67192 2
157.70224 11
157.70376 11
157.71896 39
157.72888 38
157.77444 11
157.77644 11
157.78608 50
157.78988 51
157.96816 24
157.97072 39
157.97988 1
157.99936 53
158.09064 13
158.17604 18
158.36372 13
158.39368 24
158.51192 27
158.57308 13
158.68416 2
158.98404 18
159.42892 42
159.46984 49
159.58256 23
159.59088 17
159.65364 22
159.77644 52
160.01836 45
160.44748 48
160.56028 0
160.59644 7
160.60192 11
160.64688 11
160.68764 55
160.68852 11
160.74332 11
160.78580 11
160.85228 11
160.89496 2
160.91220 11
160.95688 11
160.99404 44
161.03324 11
161.03588 1
161.10280 11
161.15744 11
161.23740 11
161.24100 13
161.26288 15
161.34252 11
161.42804 11
161.60592 18
161.72132 22
161.76148 50
161.77124 41
161.78388 59
161.97144 18
162.24520 4
162.33420 33
162.49688 33
162.70552 13
162.96288 3
162.96780 59
163.22788 39
163.22932 41
163.30816 17
163.43692 51
163.85632 59
164.12172 3
164.27876 5
164.32932 36
164.53280 0
164.68268 2
164.78496 41
164.83388 40
164.93816 13
164.94080 3
165.00380 0
165.14360 34
165.17256 25
165.27072 38
165.49588 10
165.53732 50
165.66940 57
165.75196 7
165.81132 20
166.05924 50
166.39220 7
166.52724 13
166.65716 46
166.76024 23
166.84708 18
166.90060 57
167.03688 53
167.43156 18
167.56072 12
167.57536 54
167.67876 18
167.76136 25
167.89556 13
168.22172 39
168.27036 52
168.33300 13
168.33492 58
168.37180 58
168.46124 58
168.52608 58
168.62304 58
168.63732 1
168.71052 58
168.71740 16
168.80000 18
168.80116 58
168.94264 41
168.96056 58
169.03200 53
169.07436 58
169.08384 30
169.12196 44
169.29240 44
169.58984 2
169.65696 57
169.80408 7
170.13864 11
170.14080 11
170.32260 11
170.33148 7
170.41192 41
170.44712 51
170.45268 2
171.02052 24
171.03060 49
171.06168 52
171.10136 8
171.12592 17
171.23524 33
171.48028 9
171.48064 15
171.51452 1
171.56368 40
171.61256 8
171.82548 27
172.01340 38
172.18128 17
172.22384 30
172.31736 13
172.40796 13
172.42124 40
172.52916 20
172.53396 48
172.62856 51
172.65868 16
172.66856 8
172.71268 18
172.77460 34
172.98064 21
172.99980 38
173.28492 0
173.28576 6
173.32248 23
173.34200 20
173.39536 59
173.40976 33
173.45976 29
173.84812 11
173.84984 11
173.91560 11
173.91720 11
173.99540 11
174.06164 2
174.08556 11
174.08612 11
174.13280 9
174.55764 58
174.63052 44
174.69088 20
175.01452 53
175.25952 9
175.29796 55
175.37056 13
175.42264 52
175.60924 22
175.96356 24
176.12128 33
176.12556 33
176.19420 4
176.32216 18
176.41408 22
176.48392 29
176.53184 30
176.88524 12
176.90360 45
176.90952 20
176.95656 4
176.96836 41
177.11860 18
177.21612 34
177.33812 44
177.39680 13
177.51128 13
177.52156 11
177.61392 11
177.71072 27
177.73696 11
177.87832 50
178.05880 18
178.19840 8
178.32268 36
178.44828 18
178.66464 29
178.90328 6
178.92568 18
178.98356 2
179.25644 2
179.37036 42
179.43884 10
179.50900 24
179.68536 7
179.72804 12
179.75692 6
179.78980 0
180.06092 46
180.11880 44
180.18816 2
180.43148 47
180.43232 47
180.44076 52
180.46388 13
180.51868 47
180.51988 47
180.59636 47
180.59724 47
180.65000 1
180.65500 49
180.67264 13
180.67384 47
180.74632 19
180.76600 48
180.90824 13
181.06528 4
181.12260 22
181.15072 18
181.61484 18
181.65772 58
181.78156 23
181.98908 59
181.99548 16
181.99640 41
182.25172 24
182.27288 20
182.51044 11
182.51228 11
182.58768 11
182.58980 11
182.67396 11
182.68764 9
182.72684 33
182.74204 15
182.80732 24
182.98104 41
183.25496 8
183.31864 24
183.60324 9
183.67476 42
183.69864 7
183.93340 23
183.95260 11
184.09968 22
184.25096 44
184.28700 1
184.48324 8
184.50188 53
184.53408 5
184.60628 59
184.70396 18
184.86376 10
184.87168 22
184.89468 17
184.96072 0
185.09308 18
185.11868 11
185.15920 23
185.27836 40
185.32464 6
185.35524 49
185.47240 33
185.61104 42
185.72740 36
185.86120 3
185.88708 1
185.93472 50
186.09788 20
186.12964 13
186.21820 13
186.22808 19
186.24216 8
186.30264 23
186.36584 47
186.48140 2
186.49916 2
186.52984 2
186.53064 56
186.65680 22
186.85124 40
186.86588 18
186.90080 41
187.04344 21
187.15676 11
187.21032 11
187.21200 11
187.27204 18
187.27840 11
187.28036 11
187.31992 55
187.33356 11
187.50056 11
187.54140 5
187.58032 24
187.60912 1
187.71028 25
187.78556 4
187.93244 56
188.00116 20
188.05580 51
188.10700 23
188.29440 5
188.40060 6
188.44720 3
188.74140 5
188.78672 54
188.96084 35
188.96448 6
188.97172 5
189.13236 4
189.21424 2
189.28468 53
189.45544 40
189.59288 41
189.68540 35
189.69120 49
189.78420 1
189.80328 56
189.88264 15
189.91304 36
189.93244 55
189.94716 58
190.10536 13
190.19348 18
190.31116 55
190.33900 8
190.47408 56
190.48700 24
190.54216 32
190.65444 18
190.70552 21
190.81792 25
190.81824 18
190.85512 13
191.14072 17
191.23160 18
191.41984 1
191.45584 15
191.59440 55
191.59880 16
191.65692 30
191.86432 19
192.01536 53
192.03812 5
192.10364 12
192.13496 55
192.21052 35
192.32148 24
192.43672 41
192.44768 18
192.45460 59
192.60836 24
192.68152 1
192.73524 57
192.87772 59
192.94896 48
193.12660 23
193.16848 5
193.18468 15
193.18876 17
193.21076 56
193.28720 49
193.75168 15
193.77912 18
193.81384 33
193.98660 55
193.99736 20
194.03960 27
194.04588 38
194.21764 48
194.25720 27
194.29432 41
194.34108 0
194.39244 47
194.54144 9
194.73436 18
194.84168 19
194.92460 10
194.97856 42
195.06168 1
195.13276 29
195.35360 56
195.44132 19
195.51836 13
195.62020 34
195.64896 18
196.06772 4
196.11200 18
196.13224 22
196.13816 10
196.71024 51
196.74996 25
196.81904 22
196.84108 11
196.84312 11
196.90264 11
196.90444 11
197.02784 11
197.24464 56
197.35572 41
197.91248 54
198.13736 54
198.24792 18
198.25804 34
198.35460 44
198.35648 8
198.35692 55
198.36880 33
198.67880 5
199.04388 21
199.32504 13
199.38648 19
199.47368 34
199.47628 13
199.51960 29
199.57248 10
199.68060 18
199.68756 13
199.70152 54
199.97512 58
200.03624 58
200.08824 56
200.09476 58
200.16916 58
200.21344 44
200.22464 58
200.22800 53
200.25416 11
200.29068 51
200.29636 58
200.34556 22
200.48864 12
200.55456 53
200.63160 57
200.73624 42
200.78380 54
201.02064 16
201.02964 45
201.15752 52
201.23172 8
201.37256 54
201.37892 11
201.38080 11
201.49460 40
201.49540 11
201.49732 11
201.59896 13
201.60548 11
201.60664 11
201.60812 11
201.63932 5
201.69184 53
201.70240 30
201.78324 10
201.86224 1
202.03412 13
202.04144 59
202.24136 9
202.30748 23
202.38328 18
202.39796 10
202.44220 12
202.48272 10
202.87316 6
203.11748 49
203.19440 13
203.22464 38
203.34344 39
203.35528 8
203.47408 1
203.55364 58
203.67416 42
203.88632 13
203.93592 22
203.99416 13
204.03088 38
204.14832 18
204.28504 13
204.34252 49
204.45292 56
204.60092 18
204.75980 40
204.86656 7
204.93228 27
204.94808 17
204.94916 36
204.95428 8
205.03528 15
205.11096 18
205.19788 17
205.49636 8
205.50684 30
205.64496 38
205.68540 45
205.75248 12
205.77276 18
206.08332 16
206.23772 46
206.34364 16
206.42284 44
206.52540 11
206.56324 42
206.60096 23
206.63304 11
206.65380 11
206.65576 11
206.70316 11
206.70532 11
206.79524 11
206.90580 20
207.16668 5
207.23264 41
207.25256 18
207.30260 25
207.51360 13
207.53668 32
207.68812 23
207.83436 18
207.83532 6
207.95840 18
208.25800 39
208.54060 2
208.74736 52
208.85540 35
208.88672 42
209.03520 2
209.05996 47
209.06060 50
209.06916 4
209.06976 18
209.16528 2
209.20728 25
209.37560 42
209.54992 33
209.56400 18
209.70508 10
209.83936 45
209.89152 4
209.91048 9
210.12960 55
210.14948 56
210.17656 48
210.25168 12
210.47444 7
210.67812 18
210.77100 10
210.86844 48
211.08452 47
211.36856 40
211.54172 53
211.73304 39
211.78088 5
211.84196 53
211.90156 46
212.12016 25
212.24836 18
212.33704 1
212.48844 23
212.50816 53
212.53884 47
212.73092 33
212.82180 25
212.96644 22
213.32212 11
213.42160 16
213.52180 7
213.62172 44
213.75736 51
213.80180 17
213.91804 10
214.02068 47
214.20288 0
214.35784 49
214.43320 7
214.46272 18
214.58100 53
214.69080 57
214.73100 18
214.82392 3
214.85452 24
214.89112 13
215.06204 13
215.07244 19
215.22128 50
215.36424 11
215.50424 11
215.91472 57
216.10064 20
216.29956 23
216.53436 56
216.67416 32
216.68424 34
216.70656 20
216.79900 4
216.87456 42
216.90368 6
217.12708 23
217.18292 2
217.22188 2
217.26648 0
217.35328 58
217.40788 7
217.97716 13
217.98280 49
218.20148 4
218.20328 3
218.27224 22
218.28500 7
218.71308 18
219.01496 4
219.26680 56
219.29852 18
219.60340 18
219.69456 57
219.74516 1
219.86232 55
220.04752 27
220.06096 4
220.10204 57
220.10852 21
220.28552 45
220.39856 13
220.47708 33
220.48460 49
220.51000 11
220.64364 7
220.73720 2
220.79240 3
220.92200 18
221.05536 32
221.07552 56
221.29180 7
221.32744 39
221.33528 5
221.56620 8
221.62924 13
221.68280 49
221.91956 19
221.96828 18
222.06924 7
222.15704 15
222.27984 8
222.37368 40
222.56328 23
222.60480 35
222.94792 40
223.02796 52
223.03548 56
223.16824 32
223.18320 46
223.34708 21
223.42244 3
223.43288 45
223.46084 8
223.55444 34
223.60632 15
223.64360 5
223.74304 34
223.92140 39
224.08876 57
224.17696 44
224.27596 4
224.28212 44
224.32356 6
224.59528 3
224.66508 13
224.68404 45
224.72704 46
224.80784 35
224.91016 13
224.97848 2
225.10412 20
225.12060 2
225.17344 44
225.24736 35
225.29104 39
225.46708 6
225.53492 18
225.60024 33
225.72196 18
225.79192 56
225.92924 4
226.05256 16
226.06684 39
226.09936 58
226.37700 33
226.65224 8
226.65792 2
226.77472 16
227.34100 57
227.35580 53
227.37208 45
227.38740 40
227.45036 13
227.71344 5
227.77868 8
227.84616 45
227.90264 19
227.93312 18
228.04228 7
228.15028 13
228.15316 44
228.16016 47
228.38844 58
228.43396 7
228.46044 41
228.47988 33
228.77488 39
228.92112 4
228.93948 4
229.00700 57
229.01156 34
229.03928 18
229.06352 1
229.07732 47
229.39664 51
229.61948 0
229.93472 21
230.19468 16
230.32564 13
230.32740 18
230.43916 13
230.64328 13
230.65868 46
230.66412 5
230.76360 51
230.80356 0
230.90140 39
230.98496 57
231.19088 34
231.34720 45
231.47672 45
231.57480 16
231.61144 34
231.67164 41
231.69444 45
231.71228 18
231.71784 48
231.75280 45
231.90896 50
232.39800 57
232.44740 47
232.45428 35
232.45448 2
232.50288 47
232.54404 20
232.56436 5
232.70480 38
232.82056 10
232.88760 57
232.90152 57
233.05684 27
233.64792 28
233.95932 22
234.02092 36
234.04616 10
234.32272 6
234.36516 18
234.43696 35
234.52752 54
235.10824 53
235.27844 45
235.31764 57
235.49240 13
235.59816 13
235.94792 13
235.97736 2
236.28520 42
236.32432 11
236.32912 55
236.39204 11
236.39372 11
236.45000 11
236.59300 35
236.59604 11
236.69504 50
236.80920 39
236.91584 7
236.91928 42
237.02300 27
237.04392 34
237.07968 27
237.13032 5
237.13968 12
237.16636 18
237.56456 44
237.85984 44
237.86992 50
238.01152 33
238.05880 36
238.37972 10
238.40004 25
238.46600 50
238.50464 48
238.51648 52
238.80724 13
238.83832 32
239.18016 18
239.33448 18
239.48828 46
239.72780 3
239.86824 32
239.96668 52
240.07644 54
240.07960 1
240.19568 42
240.19900 13
240.29000 11
240.32532 32
240.39528 11
240.45476 32
240.63056 11
240.83920 50
240.84476 16
241.12420 15
241.12664 3
241.22004 55
241.45276 58
241.81516 47
241.81800 47
242.01240 36
242.03420 10
242.04368 2
242.06064 30
242.22688 33
242.30280 6
242.33192 18
242.53108 38
242.59040 4
242.67520 44
242.73972 42
242.89760 21
243.00696 1
243.24528 8
243.51704 33
243.75900 8
243.86052 46
243.95140 1
243.95836 11
243.95976 11
244.00276 11
244.10812 29
244.13524 11
244.13644 11
244.39132 42
244.50040 0
244.54612 2
244.59068 59
244.65152 19
244.97980 32
245.08920 9
245.28112 17
245.34488 24
245.45784 9
245.83748 56
245.87644 41
245.95440 46
245.98356 12
245.98912 33
246.02104 45
246.39676 59
246.41212 18
246.64788 18
246.84880 58
246.94964 54
247.01612 25
247.19988 32
247.54504 59
247.55300 52
247.73460 11
248.40768 51
248.66124 11
248.72056 11
248.75036 25
248.78244 11
248.79564 22
248.93204 22
248.94992 33
248.97036 11
249.02992 24
249.20532 38
249.77396 1
249.94272 20
250.02048 7
250.03848 49
250.06240 28
250.08744 29
250.24032 22
250.41504 40
250.43196 22
250.48588 59
250.62488 53
250.67896 56
250.81328 13
250.82620 33
250.88688 47
250.94492 10
250.97760 38
251.04840 59
251.10896 22
251.11700 41
251.24372 27
251.26968 9
251.69100 7
251.72644 57
251.85628 33
251.95472 24
252.27300 50
252.33036 10
252.37520 18
252.45548 7
252.48400 7
252.51580 33
252.63176 18
252.65060 25
252.67780 27
252.68628 33
253.02208 48
253.42616 17
253.63312 21
253.70860 0
253.85684 7
253.94984 18
253.97240 34
254.12044 13
254.21128 38
254.45608 44
254.51752 17
254.75804 13
254.83036 11
254.83180 11
254.95516 18
254.99296 51
255.24476 49
255.24540 56
255.25780 13
255.35396 7
255.39924 44
255.62532 41
255.63344 6
255.65784 56
255.69480 0
255.80260 33
255.99804 36
255.99892 15
256.16032 53
256.22224 41
256.30224 8
256.44652 32
256.56096 56
256.69572 16
256.76980 12
256.83928 55
257.03460 47
257.54216 58
257.65256 24
257.92064 18
258.00044 59
258.11536 53
258.17712 44
258.26088 57
258.26268 13
258.29456 56
258.65912 21
258.80608 11
258.80764 11
258.80964 18
258.86448 36
258.93300 47
258.94580 45
258.96512 11
259.06788 2
259.07632 57
259.08136 11
259.23944 7
259.26220 24
259.34948 27
259.39824 42
259.41500 32
259.48360 23
259.62976 13
259.94488 18
260.16552 12
260.26612 2
260.30220 23
260.34548 2
260.35328 18
260.36684 2
260.50472 46
260.50536 18
260.62624 8
260.68636 33
260.98424 18
261.06564 15
261.29020 27
261.59368 53
261.65256 58
262.05168 50
262.11472 16
262.27176 42
262.28872 13
262.41264 47
262.60912 55
262.76872 10
262.81508 58
262.84160 1
262.85708 40
262.97960 24
263.04624 39
263.15464 48
263.26452 54
263.44112 13
263.57548 52
263.65564 15
263.65728 4
263.65844 44
263.73040 11
263.73200 11
263.73656 57
263.75892 41
263.85036 11
263.89568 12
263.98440 11
263.98648 11
263.99080 7
264.00632 44
264.09188 11
264.13888 18
264.24964 27
264.32168 18
264.49004 53
264.54724 2
264.63036 47
264.88768 11
264.98276 16
265.02164 16
265.10800 5
265.11608 18
265.51536 47
265.51696 47
265.59636 46
265.71232 6
265.73164 4
265.88060 34
265.96076 54
266.06164 18
266.20972 29
266.22444 36
266.28800 42
266.34448 10
266.52404 52
266.66120 39
266.69288 18
266.98304 7
267.05796 53
267.08284 49
267.24968 36
267.29652 10
267.42268 2
267.43812 46
267.47212 2
267.53808 29
267.54404 9
267.58936 38
267.60328 18
267.64364 39
267.81876 9
267.83608 13
267.90032 51
267.98208 18
268.06388 18
268.07648 53
268.31324 21
268.34612 44
268.47068 41
268.60844 49
268.61784 3
268.67496 18
268.72512 22
268.83076 1
268.93488 40
268.96568 33
269.08948 59
269.21548 58
269.25040 24
269.33208 50
269.36656 46
269.38860 11
269.58924 2
269.59100 51
269.64104 13
269.72044 22
269.83964 38
269.98740 32
270.18136 15
270.27292 9
270.28416 9
270.50528 54
270.59356 22
270.80376 42
270.86520 57
271.11504 11
271.15788 24
271.19268 11
271.19348 11
271.26320 13
271.30740 11
271.31156 39
271.51956 13
271.57204 50
271.60556 34
271.72184 18
271.76484 54
271.86720 38
271.99400 8
271.99548 1
272.02292 24
272.11536 59
272.23148 59
272.28100 46
272.32532 47
272.35684 41
272.43508 11
272.58588 40
272.72088 32
272.72708 2
272.80220 18
273.04496 16
273.05832 13
273.14624 10
273.28452 18
273.29620 13
273.35956 36
273.66976 35
273.73180 9
273.77332 10
274.07352 34
274.13620 42
274.16508 5
274.22700 52
274.28832 18
274.52220 49
274.53984 28
274.54036 59
274.76396 59
274.78724 13
275.06164 8
275.28664 13
275.29120 45
275.57172 16
275.68056 24
275.69272 24
275.84368 45
275.87752 51
276.01036 22
276.01436 23
276.07084 2
276.14724 21
276.32452 58
276.43860 2
276.49372 11
276.49540 11
276.51112 50
276.55708 27
276.56064 11
276.57844 17
276.67840 57
276.68316 39
276.85196 11
276.89908 44
277.15452 22
277.18284 57
277.20268 18
277.20644 56
277.21388 54
277.27028 2
277.58468 13
277.83056 9
277.87948 52
278.28092 13
278.45012 9
278.57080 18
278.68820 13
278.80924 42
278.96472 13
279.14640 5
279.27516 12
279.35764 16
279.43836 6
279.65324 36
279.80964 7
279.90412 29
279.93232 46
280.04176 18
280.41160 52
280.44184 4
280.67096 3
280.70884 36
280.73904 33
280.74164 57
281.00636 39
281.06872 53
281.09388 46
281.09776 41
281.13800 24
281.21260 18
281.26040 34
281.35256 33
281.43136 21
281.57788 26
281.65140 5
281.76024 1
281.90704 44
281.93276 51
281.95304 16
281.97468 46
281.98316 21
282.00144 28
282.16268 33
282.24164 25
282.37312 13
282.39448 12
282.47680 10
282.51016 44
282.74784 13
282.76112 8
282.83116 45
283.05264 2
283.26120 25
283.28100 15
283.32600 33
283.55532 52
283.56476 27
283.60436 21
283.86392 16
283.88436 20
283.99104 13
283.99392 54
284.12772 8
284.15856 57
284.16860 52
284.27904 13
284.33132 20
284.36652 13
284.41268 36
284.58240 13
284.66944 2
284.69176 6
284.71592 2
284.78788 38
284.78824 35
284.96624 56
285.31716 27
285.59636 18
285.59660 18
285.67316 24
285.68376 8
285.83400 42
285.83876 56
286.10876 22
286.13560 53
286.18412 42
286.51348 51
286.65976 6
286.86032 33
287.19112 42
287.19356 50
287.28420 34
287.60712 10
287.75324 46
287.80400 54
287.86440 54
287.95048 48
287.97188 35
287.99736 48
288.15708 45
288.23456 13
288.25504 18
288.27816 17
288.32512 57
288.52900 27
288.60860 4
288.63020 8
288.79784 3
289.06860 42
289.12652 42
289.23184 48
289.32740 0
289.36284 16
289.36492 12
289.41132 1
289.60164 18
289.81276 13
289.83940 3
289.84048 57
289.89420 13
289.92324 20
290.01220 13
290.12440 47
290.15292 13
290.43804 11
290.66608 47
290.82288 56
290.93804 2
290.94256 18
290.95436 21
290.97624 13
291.33368 16
291.37336 32
291.53608 22
291.83864 19
291.83956 35
292.15356 56
292.20624 38
292.27132 23
292.64832 6
292.72304 41
292.84828 53
292.94244 16
292.95208 56
292.95248 8
293.00044 11
293.03772 21
293.04028 16
293.10616 23
293.28612 18
293.40416 13
293.46860 18
293.52664 4
293.53740 13
293.66592 59
293.71532 40
293.73140 13
293.85836 46
293.95268 10
294.14044 50
294.20140 5
294.27280 6
294.31896 44
294.60124 47
294.65240 49
294.70556 52
294.90240 5
295.03200 29
295.04764 44
295.08092 40
295.14240 53
295.16168 29
295.16716 55
295.53720 40
295.70488 58
295.91820 52
295.92132 29
295.98108 10
296.01624 22
296.07576 12
296.14108 47
296.16852 23
296.21732 25
296.42720 24
296.57056 24
296.58676 59
296.61140 3
296.70064 4
296.74760 59
296.93864 3
297.00044 13
297.11344 58
297.13536 18
297.13944 47
297.18564 13
297.23236 11
297.31320 35
297.33928 18
297.34988 7
297.35756 19
297.46368 32
297.53800 13
297.58620 36
297.70316 57
297.84176 39
297.93336 59
297.97120 40
298.54928 7
298.66628 12
298.73852 40
298.75344 45
298.76540 11
299.22244 33
299.23748 41
299.29044 53
299.30728 12
299.40616 45
299.47304 33
299.68388 33
299.76428 18
300.05532 11
300.05664 11
300.13704 1
300.18700 11
300.28344 18
300.61532 3
300.78160 58
301.00860 5
301.20452 48
301.29624 59
301.64440 13
301.66440 33
301.94312 52
302.23988 4
302.42148 13
302.45944 15
302.54252 55
302.73664 18
302.92556 42
302.95120 49
303.33960 38
303.37588 7
303.37980 58
303.41976 32
303.52816 22
303.58664 9
303.70292 11
303.78588 12
303.83788 34
303.87712 21
303.97928 45
303.98188 42
304.21992 24
304.47040 4
304.73100 22
305.19480 15
305.27272 15
305.30608 23
305.32508 3
305.52564 16
305.52900 58
305.53012 58
305.56280 18
305.59228 58
305.61564 13
305.62188 11
305.62336 11
305.63872 58
305.68584 59
305.69360 11
305.71784 55
305.72772 58
305.81676 58
305.88868 58
305.92856 33
305.96188 58
305.97564 38
305.99680 32
306.02052 47
306.03624 58
306.04128 48
306.10896 58
306.12656 18
306.16904 58
306.20996 58
306.23720 58
306.24644 58
306.30332 58
306.34540 3
306.35412 6
306.37224 58
306.44564 58
306.52180 58
306.60148 58
306.67440 4
306.68428 58
306.78420 24
306.79464 58
306.85652 47
306.89672 58
306.90712 18
307.00768 58
307.02992 47
307.08852 55
307.12036 58
307.19916 16
307.34516 58
307.41936 9
307.48508 58
307.60772 39
307.73760 3
307.82968 40
308.08284 58
308.16164 34
308.16888 50
308.17880 18
308.41056 18
308.41264 55
308.41908 2
308.46748 29
308.55504 44
308.64964 44
308.65060 21
308.76020 27
308.92276 49
309.19648 10
309.42360 50
309.92612 48
309.95016 10
310.28744 18
310.45660 50
310.62072 19
310.74644 13
310.79824 18
311.19668 57
311.26980 17
311.29320 18
311.51788 46
311.53200 20
311.61120 13
311.84904 21
311.99900 18
312.02228 42
312.05784 2
312.24764 4
312.87768 53
312.89348 24
312.97568 20
313.13444 39
313.21524 35
313.28676 18
313.47852 41
313.66148 19
313.78436 47
313.92148 44
313.99040 38
314.04568 17
314.07260 6
314.10204 48
314.15460 13
314.19252 58
314.26136 18
314.34184 13
314.39168 53
314.66584 59
314.68176 9
314.83428 24
314.91928 33
315.01020 7
315.10904 34
315.19128 40
315.28652 40
315.54916 56
315.72868 32
315.86876 2
315.86940 6
315.93636 25
316.01964 10
316.04968 12
316.12032 18
316.21176 58
316.27660 19
316.42300 2
316.49796 2
316.53084 15
316.70700 10
316.74524 59
316.78464 35
316.93092 22
316.93236 44
316.94920 23
316.95756 49
316.96888 46
317.16152 35
317.16264 16
317.18392 47
317.23880 55
317.74556 1
317.87812 54
317.93700 38
317.99132 29
318.20352 34
318.30112 36
318.36436 13
318.54848 10
318.56756 11
318.56904 11
318.59240 13
318.62784 3
318.63516 11
318.63664 11
318.70876 11
318.78988 45
318.82612 11
319.22996 18
319.32604 29
319.38192 27
319.41188 8
319.48312 39
319.55980 35
319.56592 1
319.71672 54
319.73876 53
320.22232 19
320.33132 10
320.47000 18
320.47892 29
320.50624 53
320.75408 10
320.85820 3
321.02536 52
321.23596 45
321.29836 10
321.32580 38
321.67016 52
321.73924 19
321.74024 48
321.93132 51
321.93372 4
321.96232 18
322.01152 42
322.15188 53
322.17820 42
322.20840 9
322.21604 33
322.36660 48
322.38392 23
322.49684 46
322.56604 36
322.64360 18
322.88404 17
322.98860 17
323.03852 17
323.07892 17
323.15572 17
323.15960 17
323.26484 16
323.52008 46
323.55028 18
323.87484 42
324.00844 29
324.03796 47
324.18364 59
324.33836 1
324.34052 55
324.40392 46
324.78528 46
324.85288 16
324.98724 50
325.00748 51
325.09284 50
325.21648 47
325.44536 13
325.50192 52
325.51204 3
325.62608 40
325.87660 54
325.93448 52
326.12776 11
326.12912 11
326.18336 11
326.28640 7
326.33824 11
326.35704 25
326.43204 47
326.47640 48
326.55560 15
326.68280 18
326.92428 54
326.93000 9
327.01904 17
327.28188 3
327.51156 40
327.82100 27
327.83020 29
327.87280 10
327.89928 25
327.97284 11
328.08780 35
328.10672 47
328.22136 30
328.63972 3
328.81260 13
328.98112 32
328.99652 13
329.05176 0
329.19644 13
329.30548 25
329.31836 33
329.34592 13
329.53068 3
329.57536 27
329.64324 27
329.66544 22
329.82412 54
330.07632 46
330.17300 16
330.19616 27
330.24220 50
330.25008 20
330.84724 24
330.90320 53
330.92284 10
331.04620 59
331.06624 5
331.14376 53
331.31864 11
331.45592 11
331.51204 44
331.55960 11
331.66892 11
331.69632 59
331.70888 8
331.80492 11
331.87860 27
331.98380 11
331.98636 11
331.99708 33
332.02396 51
332.05204 20
332.17344 5
332.23840 38
332.64764 33
332.65864 11
332.66744 57
332.76556 11
332.84900 11
332.85076 11
332.85924 19
332.91352 18
332.95992 6
332.97232 33
333.00028 1
333.08728 34
333.08872 45
333.11736 38
333.19668 10
333.22560 3
333.31864 13
333.36360 19
333.46724 32
333.47388 2
333.62036 50
333.64180 44
333.77912 57
333.78264 49
333.89852 49
334.23764 25
334.30032 46
334.31528 3
334.41580 24
334.43192 1
334.45120 16
334.70508 50
334.90112 15
335.02244 5
335.16692 58
335.32904 18
335.40136 9
335.46020 3
335.66024 7
335.68704 40
335.73520 27
335.95380 44
336.15220 11
336.15384 11
336.29176 11
336.38704 11
336.38868 11
336.45832 47
336.49536 57
336.51984 13
336.63256 33
336.65320 13
336.66812 23
336.70640 9
336.78468 39
336.94544 22
337.11340 0
337.12904 23
337.21072 48
337.34500 0
337.36256 27
337.44932 18
337.49992 57
337.68776 17
337.71912 57
337.79168 29
337.82388 53
337.97332 57
338.01316 58
338.02620 3
338.10600 51
338.14088 24
338.22996 22
338.79720 44
338.85728 12
338.89276 11
338.91932 19
338.98400 50
339.26504 19
339.37724 50
339.40836 13
339.51356 13
339.58420 44
339.74044 49
339.85124 41
339.88460 19
339.94172 5
340.01724 32
340.13820 49
340.18296 47
340.38252 35
340.48900 36
340.65172 57
340.68716 13
340.71920 33
340.72896 57
340.87944 47
341.02300 24
341.02340 25
341.15024 18
341.33656 32
341.37856 15
341.42068 11
341.53680 18
341.55244 39
341.69200 12
341.83728 15
341.88692 51
342.03628 18
342.11016 59
342.32504 2
342.35464 21
342.43260 16
342.60296 30
342.75184 10
342.82752 53
342.82832 2
342.90804 0
342.92152 8
342.92800 42
342.99452 18
343.10560 13
343.28224 44
343.37772 15
343.39392 12
343.48040 16
343.58356 33
343.87716 5
343.98068 13
344.02608 52
344.10176 19
344.38680 38
344.39824 4
344.43792 2
344.49056 2
344.57336 49
344.84072 25
344.86088 48
344.91440 52
345.04988 53
345.06512 46
345.30596 1
345.33552 1
345.88344 39
345.90228 38
345.96400 57
346.03828 59
346.12336 34
346.14060 13
346.26508 34
346.32688 13
346.34888 13
346.42912 49
346.47340 40
346.59600 44
346.75964 44
346.83864 32
346.95920 58
346.96964 32
347.22920 7
347.57028 41
347.57404 16
347.61304 7
347.65448 46
347.68728 44
347.93356 25
348.20000 35
348.35076 27
348.36436 33
348.42760 11
348.55732 57
348.58388 11
348.62184 2
348.71388 11
348.78948 34
348.79368 56
348.86924 11
348.99960 21
349.05148 49
349.06772 42
349.07128 11
349.09796 42
349.12428 35
349.22036 2
349.33224 15
349.34716 20
349.37272 56
349.43680 36
349.47696 27
349.59412 58
349.63728 15
349.81980 45
349.84720 13
349.92176 23
350.03200 30
350.05488 53
350.09964 35
350.15588 30
350.22256 30
350.28892 30
350.34836 30
350.35584 13
350.37608 57
350.40480 30
350.47596 42
350.48408 30
350.58980 30
350.71708 0
350.90448 2
351.00612 13
351.05092 27
351.10888 46
351.15348 13
351.17648 44
351.18640 51
351.27624 47
351.27860 47
351.34440 51
351.41192 47
351.41276 47
351.41428 47
351.42612 5
351.48148 6
351.53404 47
351.53504 47
351.58484 15
351.60900 53
351.62004 47
351.62076 47
351.67472 47
351.67564 47
351.72740 47
351.72904 47
351.75356 7
351.79604 47
351.79720 47
351.79844 0
351.86148 47
351.90380 46
351.92896 47
351.93212 47
352.01032 47
352.01228 47
352.07516 47
352.07524 12
352.14240 47
352.23780 47
352.23952 47
352.29344 54
352.34780 47
352.40504 20
352.43460 47
352.43676 47
352.68988 11
352.78384 11
352.86448 11
352.91308 11
352.91516 11
352.95824 11
352.99108 11
352.99280 11
353.03272 11
353.07828 39
353.09832 11
353.09940 11
353.14812 11
353.15000 11
353.16104 11
353.21156 46
353.22660 11
353.25864 39
353.27840 11
353.34328 8
353.34656 11
353.38252 56
353.41644 33
353.43616 53
353.43812 11
353.56092 11
353.60260 21
353.64184 11
354.03548 36
354.23848 4
354.30380 44
354.36948 56
354.40000 13
354.42140 47
354.46196 10
354.52496 13
354.55744 3
354.55996 53
354.62504 18
354.63044 5
354.64344 13
354.65928 5
354.66524 51
354.67984 45
354.76252 18
354.81968 13
354.96868 22
355.02848 0
355.19072 44
355.35080 47
355.38192 39
355.53872 3
355.73784 35
356.00860 55
356.00964 10
356.19352 16
356.19444 5
356.37916 44
356.52528 24
356.55836 10
356.63224 18
356.90720 10
356.94128 23
357.03756 32
357.41952 0
357.42128 10
357.44732 6
357.57376 44
357.87032 51
357.92312 35
357.94584 11
357.94716 11
358.00240 22
358.00356 11
358.07216 11
358.15656 11
358.16260 49
358.18624 0
358.18660 12
358.21488 1
358.26820 18
358.29964 59
358.56316 1
358.69008 6
359.19580 33
359.19656 13
359.20652 5
359.31720 13
359.34620 52
359.35248 29
359.47672 13
359.58696 45
359.67024 13
359.76580 13
359.78364 56
359.96824 25
359.98612 40
360.01108 58
360.07316 5
360.21284 45
360.23720 22
360.26216 23
360.26908 10
360.26916 41
360.43636 39
360.56180 34
360.58476 18
361.43772 8
361.71044 33
361.74476 11
361.85244 11
361.94260 11
362.03220 10
362.04436 11
362.04672 45
362.14836 11
362.19604 3
362.19828 11
362.33044 22
362.34720 47
362.37488 11
362.43004 1
362.44680 53
362.45084 11
362.47532 46
362.53592 1
362.57056 1
362.60404 59
362.62568 1
362.64200 1
362.72316 11
362.72448 1
362.77596 54
362.79504 44
362.79820 1
362.80948 36
362.81732 1
362.86844 4
362.87060 1
362.95488 2
362.95676 1
363.03840 1
363.14480 5
363.39860 10
363.76708 36
363.77500 29
363.77800 33
364.03792 54
364.36468 8
364.37528 8
364.39072 47
364.45644 40
364.47240 55
364.54516 29
364.58704 27
364.63580 48
364.76308 48
364.82556 4
364.84744 57
364.87940 52
365.18680 8
365.20848 42
365.38680 50
365.54276 18
365.55092 41
365.57452 36
365.61940 21
365.76804 17
365.91988 18
366.05024 3
366.39144 53
366.76960 33
366.89512 53
367.12084 17
367.14304 22
367.18264 4
367.20056 45
367.27980 16
367.30404 44
367.30444 44
367.32800 32
367.37200 35
367.37360 40
367.38036 55
367.41168 25
367.42484 39
367.43408 21
367.49700 7
367.60484 1
367.64364 33
367.64572 10
367.66728 16
367.69276 18
367.72724 0
367.84300 44
368.25984 47
368.38256 52
369.12492 46
369.14024 8
369.17888 19
369.32152 5
