4.0 5.0 2.0
0.11018124623601025 2020
0.16282964945469963 2020
0.2842268330728296 2020
0.34431425348028283 2020
0.9090045285585642 2020
1.152359579266696 2020
1.4956314987037183 2020
1.5377673533634322 2020
1.7226980921216446 2020
1.894947135612194 2020
2.2707108529402538 2020
2.4521180158279536 2020
2.7967379164711508 2020
2.80708322345398 2020
3.052865565720335 2020
3.4365915945357512 2020
3.505439174994373 2020
3.799696269783254 2020
3.827399044325924 2020
3.8852542293770895 2020
3.9193675891599002 2020
3.9646811141700358 2020
3.9838902356565633 2020
4.079709367401886 2020
4.200429324212067 2020
4.203269540462726 2020
4.310393635027647 2020
4.322961995797385 2020
4.517590159528153 2020
4.554349453821164 2020
4.635028485034621 2020
4.660857337444299 2020
4.869163643861273 2020
4.969954478609357 2020
5.4028929040057445 2020
5.567934600229966 2020
5.621468242459773 2020
5.629764044037861 2020
5.6874089397902825 2020
5.690509291248027 2020
5.7846289800521555 2020
5.848624165733369 2020
5.892597641803713 2020
5.99221875509731 2020
5.9975468228217625 2020
6.201186219691911 2020
6.499206386503348 2020
6.554949782661075 2020
6.5979573057676575 2020
6.638984258688003 2020
6.810713312069378 2020
6.881331331039069 2020
7.190358238150891 2020
7.379599038593225 2020
8.028137576136402 2020
8.172349802696747 2020
8.202702222756816 2020
8.219922395516262 2020
8.2230440300565 2020
8.28907136650868 2020
8.33975336005097 2020
8.360984466960435 2020
8.589797910464206 2020
8.61444706605622 2020
8.676930218613514 2020
8.690383769164939 2020
8.697412502994101 2020
8.711385369314014 2020
8.72881127961831 2020
8.760417115676688 2020
8.856545194005083 2020
8.862018249601604 2020
8.913774488378778 2020
8.940439957241654 2020
8.982042144242602 2020
9.059036989947742 2020
9.118317052855911 2020
9.121270767612316 2020
9.135415976462678 2020
9.439668639188742 2020
9.556196391596561 2020
9.749005529262122 2020
9.79814235934262 2020
9.980173863506074 2020
10.276224272851042 2020
10.356089378408145 2020
10.43051444695741 2020
10.975998311101506 2020
11.035820988135363 2020
11.257882687727314 2020
11.291415290680519 2020
11.303336762373963 2020
11.43129077066644 2020
11.497480609110688 2020
11.535477696688268 2020
11.541725747717287 2020
11.589887208214467 2020
11.608230209495431 2020
11.624731068224971 2020
11.650498436915246 2020
11.668272187819511 2020
11.680215843641193 2020
11.73025852280078 2020
11.781597796241014 2020
11.882085004894275 2020
11.926514387156487 2020
11.935787422428586 2020
12.252460036418725 2020
12.262529574343713 2020
12.302215930277018 2020
12.336676121203219 2020
12.450783440443747 2020
12.623851903829951 2020
12.920185918634449 2020
13.785233753456556 2020
13.868591509115666 2020
13.871627202415894 2020
13.89807470469875 2020
13.90959114019572 2020
14.207027712999915 2020
14.214170265535458 2020
14.688327716002082 2020
14.945341464024896 2020
15.03302406550491 2020
15.100537982474666 2020
15.170882623663239 2020
15.194377692801579 2020
15.199043634879642 2020
15.256140615030032 2020
15.321547263453748 2020
15.34556532133805 2020
15.372534078095244 2020
15.489699144288704 2020
15.685205672780508 2020
16.37801644997976 2020
17.658095448725277 2020
17.765037808536263 2020
20.874993571369508 2020
20.92709033180057 2020
21.692291292618638 2020
21.889940499473205 2020
21.907829439858048 2020
22.439711921737235 2020
22.537587914871878 2020
23.42684427797691 2020
23.484297221333506 2020
23.883611023650772 2020
23.95056052671902 2020
23.976911546198625 2020
24.039762924269283 2020
24.93955381473409 2020
25.167152368145594 2020
25.172018639403028 2020
25.178623669955876 2020
25.226326308011235 2020
25.310237490614043 2020
25.382930754584194 2020
25.406783665645946 2020
25.485227610237768 2020
25.508081070765982 2020
25.516232610136758 2020
25.551695991028478 2020
25.727096154361348 2020
25.798208589690017 2020
26.186400491229257 2020
26.27522801682744 2020
26.931733023242067 2020
26.99525376438788 2020
27.030338078101096 2020
27.062653713567187 2020
27.094016352013032 2020
27.20423111641351 2020
27.30426061198893 2020
27.60885968766646 2020
27.62822136045932 2020
28.01874229981628 2020
29.424760131785597 2020
29.42747524622532 2020
29.57910076143998 2020
29.615229358510533 2020
29.78298729636106 2020
29.820082617433812 2020
29.99661146530392 2020
30.027614035424172 2020
30.084812614258126 2020
30.09429863078359 2020
30.190285615831375 2020
30.19107977956157 2020
30.21451198902203 2020
30.22841386646695 2020
30.236870201650863 2020
30.29746274367548 2020
30.370310206258313 2020
30.394028601323388 2020
30.419646000268962 2020
30.445058168286707 2020
30.482443726343732 2020
30.554164845983216 2020
30.581201478363496 2020
30.584224042461916 2020
30.588462933650383 2020
30.68359675288268 2020
30.70258989664939 2020
30.757609392097 2020
30.940544374879448 2020
31.04684880277824 2020
31.173805027402352 2020
31.227774053297118 2020
31.254167431072393 2020
32.03024985243074 2020
32.060088923843 2020
32.098489493655556 2020
32.19603155384203 2020
32.216186235654064 2020
32.324883916639365 2020
32.388099301901825 2020
32.52425022596408 2020
32.555503816749194 2020
32.59832571928777 2020
32.60131053553709 2020
32.60484591863437 2020
32.61680134361163 2020
32.62636563103445 2020
32.633857219085776 2020
32.67734417033269 2020
32.692386944104726 2020
32.70939255345763 2020
32.73356083363583 2020
32.858372525767194 2020
32.91641679521751 2020
32.91924762710953 2020
32.92678158364981 2020
32.941392644207184 2020
32.94669303987348 2020
32.991085895004844 2020
33.052655915490995 2020
33.082033848702245 2020
33.106915318867266 2020
33.14702229763441 2020
33.165654490979165 2020
33.19074488132949 2020
33.41212178861093 2020
33.47167463719954 2020
33.669139645483696 2020
34.32276007010378 2020
34.444470117671756 2020
34.57634233730872 2020
34.83818689272944 2020
35.02113475459685 2020
35.06973380129031 2020
35.265380113266005 2020
35.32216620935911 2020
35.41121662655513 2020
35.44695685783675 2020
35.45311678458788 2020
35.531253727551935 2020
35.55148218888395 2020
35.6099021646836 2020
35.6926421595293 2020
35.6980734612438 2020
35.73339279590573 2020
35.753643351839585 2020
35.89301725755185 2020
36.1115376108105 2020
36.15780927004057 2020
36.48194979897391 2020
37.13135504717711 2020
38.527969184852665 2020
38.97660206490669 2020
39.38282469369848 2020
39.43313043383835 2020
39.492966427917594 2020
39.64387198603594 2020
40.12063374976978 2020
40.16438002942648 2020
40.32673147453488 2020
40.396480239570515 2020
40.3986725118597 2020
40.61898194978265 2020
40.64866514098931 2020
40.650674039398034 2020
40.73330818133934 2020
40.734742004192924 2020
40.76148178114882 2020
40.80831689099888 2020
40.809522608105496 2020
40.82604394068292 2020
40.848824789039014 2020
40.85450743420696 2020
40.85770659955104 2020
40.8656275314345 2020
40.89326820744925 2020
40.91765823527844 2020
40.92378895638382 2020
40.953566292522055 2020
40.99639936460025 2020
41.02232213655239 2020
41.06505346212833 2020
41.0672914251232 2020
41.08253134120598 2020
41.097184152411586 2020
41.12572623490874 2020
41.158536131973975 2020
41.15956531010963 2020
41.18809979179785 2020
41.1891693024133 2020
41.19593722877701 2020
41.214075180262064 2020
41.251714660373494 2020
41.32381712193508 2020
41.33325965903305 2020
41.39847171395755 2020
41.42977368209807 2020
41.56275399485119 2020
41.582443177468164 2020
41.58642054682191 2020
41.591510551445616 2020
41.61371530058915 2020
41.63333855272248 2020
41.66739287290417 2020
41.70448094004364 2020
41.73344193735101 2020
41.778939492482934 2020
41.78287513073488 2020
41.79823280866478 2020
41.81609839789198 2020
41.85565996974468 2020
41.865605068859715 2020
41.93612144180989 2020
42.05406446704264 2020
42.22427186029728 2020
42.29400338671738 2020
42.36080928925807 2020
42.38333305159934 2020
42.396736055310456 2020
42.41278402904041 2020
42.4622278970171 2020
42.47289233273675 2020
42.486003404403135 2020
42.51815564172844 2020
42.55011258102783 2020
42.5575088372784 2020
42.63781943722009 2020
42.677220196868284 2020
42.68183711310178 2020
42.69757627350269 2020
42.836523505696825 2020
42.84254379768119 2020
43.07351149298346 2020
43.20390947698231 2020
43.219827012996674 2020
43.276575213780866 2020
43.38631428851039 2020
43.4283001052639 2020
43.4410812264785 2020
44.04869870457246 2020
44.14508722578269 2020
44.416337151116295 2020
44.49498116420185 2020
45.6014026428746 2020
45.613007074776625 2020
45.62527989971029 2020
45.74934051155553 2020
46.09072257523883 2020
46.10435456664584 2020
47.000211344802835 2020
47.105919543787785 2020
47.1207635441735 2020
47.13829839125263 2020
47.17190402283407 2020
47.24571053621806 2020
47.26891145797278 2020
47.46729078504909 2020
47.679821571120044 2020
47.69803170160425 2020
47.73261017989785 2020
48.00102820929221 2020
48.541943424121115 2020
49.455534470241034 2020
49.58559603844425 2020
49.62117447964553 2020
49.958365767364 2020
50.208355647042694 2020
50.945870013118025 2020
51.719045595980695 2020
51.788362836415914 2020
51.84373092856898 2020
51.8884460413194 2020
52.00932232941372 2020
52.06374476164616 2020
52.62328780383233 2020
52.72898138866728 2020
53.000852379381755 2020
53.02006417203836 2020
53.02569913382603 2020
53.07916509957343 2020
53.21651465884595 2020
53.25622803781792 2020
53.2615012894408 2020
53.400015616463165 2020
53.41952240033173 2020
53.68695027217764 2020
53.706500187664545 2020
53.71076245327491 2020
53.911427011965785 2020
53.95593530172443 2020
53.9943552030673 2020
54.00222354685726 2020
54.080788211755916 2020
54.217239298164245 2020
54.27341900855605 2020
54.282553495709834 2020
54.29640534890666 2020
54.355156986246975 2020
54.48323621463669 2020
54.530040118932504 2020
55.507241738740994 2020
56.105313186849074 2020
56.178047805630996 2020
56.4373404937967 2020
56.48617916469792 2020
56.503481856535544 2020
56.509779514813715 2020
56.59797753943392 2020
56.68627140041923 2020
56.769106559083426 2020
56.7890779152075 2020
56.80786801476587 2020
56.838586988580204 2020
56.89206118152157 2020
56.93897544735738 2020
56.967221536723265 2020
57.051074008478864 2020
57.121788230940055 2020
57.134186918148075 2020
57.13609569433646 2020
57.144934341256146 2020
57.15469030318383 2020
57.1654884986864 2020
57.316496921965275 2020
57.38240856387407 2020
57.45312315045458 2020
57.45987298527844 2020
57.46121756638378 2020
57.46883519455177 2020
57.50145732567223 2020
57.5420289465628 2020
57.57836438996098 2020
57.59199140708802 2020
57.64678397526443 2020
57.66111195878467 2020
57.7074457110161 2020
57.716552830830196 2020
57.73196894499799 2020
57.75379449074495 2020
57.98996238115869 2020
58.04790108680306 2020
58.174778628955714 2020
58.23982941706308 2020
58.33097376411102 2020
58.83070511586139 2020
60.89747131059778 2020
61.07075215554788 2020
61.07680828896049 2020
61.1653693009834 2020
61.19778902999337 2020
61.21869350424883 2020
61.23131717067288 2020
61.26292566237589 2020
61.28837342393561 2020
61.335932121595036 2020
61.36950164370039 2020
61.47757039654457 2020
61.55612510152504 2020
61.84589489293455 2020
61.96635662854739 2020
62.15002249584015 2020
62.47320403999895 2020
62.83416312672934 2020
63.04630721262214 2020
63.069999195320165 2020
63.35440953934898 2020
63.41994760745571 2020
63.59101792856275 2020
63.70345375329008 2020
63.731364709275084 2020
63.805657980332676 2020
63.85268241000267 2020
64.46078930087319 2020
64.54619073244004 2020
64.61188845482239 2020
64.62512460346481 2020
64.7183405261165 2020
64.76096676603906 2020
65.2035809720625 2020
65.5740618451017 2020
65.67548855820182 2020
65.7453837703535 2020
67.35121196819597 2020
68.22004016571552 2020
68.86807261602479 2020
69.12766014352883 2020
70.184332868971 2020
70.24773140902556 2020
70.3073474043342 2020
70.35486873654756 2020
70.50662935453433 2020
70.66053706892691 2020
70.84267484026942 2020
71.2995843968717 2020
71.35500708974007 2020
71.45844546575825 2020
74.13928101497402 2020
74.18234636965474 2020
74.21692442209938 2020
74.54798099606424 2020
74.64538435700379 2020
74.79805220931603 2020
74.8021677724777 2020
74.86091991682304 2020
74.88726450292444 2020
74.99754914751158 2020
75.00715774984906 2020
75.02446169283766 2020
75.03291104865087 2020
75.03380597409046 2020
75.04368705020055 2020
75.07747747102347 2020
75.09401019850283 2020
75.12053085015998 2020
75.20710919133269 2020
75.23918148177566 2020
75.9106327740747 2020
77.77499542725143 2020
79.28808756018267 2020
79.50846843845227 2020
79.57750266292308 2020
79.59406761714942 2020
79.61745121560723 2020
79.72965157525451 2020
79.75397047779887 2020
79.75967833470705 2020
80.02969542656496 2020
80.07288137313625 2020
80.99200720648933 2020
81.12826026577609 2020
81.13382943657558 2020
81.26731773667558 2020
81.4433476902986 2020
81.46340774700906 2020
81.64833856226159 2020
81.67763453449614 2020
81.74582305596783 2020
81.85457778843215 2020
81.86537055846466 2020
81.88729725314857 2020
81.88878022366438 2020
81.98670564321125 2020
82.02759321099433 2020
82.04064256466759 2020
82.1285648153129 2020
82.15193186403167 2020
82.15235908724839 2020
82.2537641431459 2020
82.42675995102988 2020
82.49786126208328 2020
82.62874374175497 2020
82.66022080566668 2020
82.71347199434263 2020
82.85327069163768 2020
82.92821670704203 2020
83.01220806360564 2020
83.17600093902601 2020
83.2026585920527 2020
83.29613913537253 2020
83.3064740813625 2020
83.34853901489015 2020
83.35693855950981 2020
83.41464453993322 2020
83.43458778594342 2020
83.45191416990467 2020
83.45340117763311 2020
83.45573010265517 2020
83.45842791738636 2020
83.46834008332277 2020
83.7962870073715 2020
83.81906307261349 2020
84.1289679881745 2020
84.16791730566382 2020
84.18180818518655 2020
84.19645485849634 2020
84.27810505671323 2020
84.37969612932486 2020
84.39508574838163 2020
84.44432712542674 2020
84.46197888708116 2020
84.46470060437298 2020
84.47824204622017 2020
84.51200940063659 2020
84.5268094434736 2020
84.56602118945261 2020
84.57301604779883 2020
84.63139312425328 2020
84.63143411243851 2020
84.6479535187773 2020
84.66339272590926 2020
84.68804572706463 2020
84.72565821140037 2020
84.75919368655099 2020
84.77046886069269 2020
84.9712920334313 2020
84.99225017303974 2020
85.0257388921057 2020
85.03123431928447 2020
85.04588627975815 2020
85.07447818138161 2020
85.10058814485805 2020
85.10494564654817 2020
85.11544612785517 2020
85.15588585078441 2020
85.17262500522058 2020
85.17778791570666 2020
85.2425009899168 2020
85.24343281597167 2020
85.37347358543605 2020
85.402960934704 2020
85.46192876779378 2020
85.47222196337967 2020
85.54494990853487 2020
85.54580372881304 2020
85.59571479560927 2020
85.66018337336487 2020
85.74813537772538 2020
85.78480607752611 2020
85.83743393018617 2020
85.98779005217452 2020
86.03720167267423 2020
86.04166332441321 2020
86.06091196328154 2020
86.17010058007688 2020
86.21339277661946 2020
86.30711127671678 2020
86.32421713468375 2020
86.81039839872645 2020
86.82401715985144 2020
86.93197051142432 2020
87.00598803388544 2020
87.08814691567665 2020
87.09130480896994 2020
87.14767901359784 2020
87.18508494771463 2020
87.24855470457268 2020
87.26523728752667 2020
87.28969313670396 2020
87.32367016047706 2020
87.33374215595823 2020
87.33662884448802 2020
87.3488613761995 2020
87.35502265005897 2020
87.3864118230273 2020
87.40822402258593 2020
87.41313547827585 2020
87.54890488544635 2020
87.77461605052221 2020
88.09001738877221 2020
88.09324755440699 2020
88.1176498195122 2020
88.67880299341101 2020
88.68221341356323 2020
88.685246116683 2020
88.69101835116341 2020
88.72030264773161 2020
88.8157611232746 2020
88.82311744308171 2020
88.91389750427965 2020
88.94194022331926 2020
88.94613316070408 2020
88.95285320553876 2020
89.03712631115945 2020
89.05582893720751 2020
89.07249625993103 2020
89.08930166497763 2020
89.23651886229452 2020
89.27745291683519 2020
89.60679217231745 2020
89.75988061437388 2020
89.90719392372245 2020
89.90980305649184 2020
89.99264306180127 2020
90.0228907854111 2020
90.07845997348734 2020
90.11060894422272 2020
90.1795309356145 2020
90.40458096158062 2020
90.48300633968617 2020
90.58163186422615 2020
90.62992068042172 2020
90.96341721004777 2020
91.27766828210329 2020
91.33648451181418 2020
91.4715261714604 2020
91.47773781033135 2020
91.62667451132828 2020
91.70876373808619 2020
91.78014245148178 2020
91.7995666578129 2020
91.8023181542565 2020
91.83302215269424 2020
91.84511320651552 2020
91.87955003188037 2020
91.9071456112206 2020
91.96172464935356 2020
91.97034889367873 2020
91.99963498558324 2020
92.18224852231701 2020
92.26788180808765 2020
92.49069852702944 2020
92.57284329856483 2020
92.57902027635478 2020
92.63761481462657 2020
92.92846772949517 2020
93.1036031698324 2020
93.2009278927271 2020
93.2419139432528 2020
93.31934736599425 2020
93.48199218362325 2020
94.65633223482203 2020
94.9258565979307 2020
95.1214087117587 2020
95.19266417255729 2020
95.20928989753486 2020
95.21123408231523 2020
95.41542687596498 2020
95.4175089699427 2020
95.44881124461378 2020
95.47070268246274 2020
95.61592669865045 2020
95.65454591898998 2020
95.65665991252416 2020
95.71738040879487 2020
95.72305029837119 2020
95.73643107020646 2020
95.76242487262584 2020
95.77074658530275 2020
95.77439401262569 2020
95.7920222327137 2020
96.1262421316564 2020
96.31065879277332 2020
96.45957568231822 2020
96.66847208358581 2020
97.06086384370568 2020
97.06529124591742 2020
97.25887449712431 2020
98.11098988614556 2020
98.32163171130688 2020
98.35964037062773 2020
98.63581742339737 2020
98.65649068463816 2020
98.72331456844744 2020
99.30443683719959 2020
99.74989054360827 2020
99.89977598208193 2020
100.54440735512567 2020
100.83384781728918 2020
100.94089078481328 2020
100.99052484358978 2020
101.31476203869572 2020
101.37916385524065 2020
101.44483285223643 2020
101.87259362605158 2020
101.90818801631877 2020
102.22464609463897 2020
103.56027825226815 2020
103.87266591292024 2020
103.924111344739 2020
103.96642515768382 2020
104.10235011840739 2020
104.57247848020864 2020
104.78679138060122 2020
104.83655094509568 2020
104.86416622018558 2020
105.04135123305545 2020
105.4060664127053 2020
105.76149151625452 2020
105.93842877048407 2020
105.98359538599277 2020
106.05698683316785 2020
106.22604162736988 2020
106.25937512141067 2020
106.26340782556602 2020
106.45444900856504 2020
106.47497363594869 2020
106.73249381832392 2020
106.78563955916327 2020
106.80430312363465 2020
106.84705712204486 2020
106.89467932767363 2020
106.96026087191566 2020
107.00259615759565 2020
107.04234874522713 2020
107.09494510152561 2020
107.09953281702164 2020
107.13372316517419 2020
107.19782770323742 2020
107.25146650289129 2020
107.29670604243086 2020
107.39847817980734 2020
107.40983280676824 2020
107.4136320655127 2020
107.41805275187667 2020
107.42743837985428 2020
107.5131607330355 2020
107.5496535536559 2020
107.55235281787245 2020
107.60027163321155 2020
107.64363575097872 2020
107.72552536762672 2020
107.8006982660672 2020
107.90543621255728 2020
107.9099652703358 2020
108.0066038371135 2020
108.05583605443269 2020
108.08664027230395 2020
108.26804965023042 2020
108.27307494817197 2020
108.42881949331743 2020
108.51551416012425 2020
108.5689161180819 2020
108.66717429050308 2020
108.7342494609021 2020
108.83748972484554 2020
108.84931740990001 2020
109.1512344201856 2020
109.15305728142076 2020
109.17034309753058 2020
109.49374503957507 2020
109.7626241266669 2020
109.82683946372089 2020
110.36006856903907 2020
110.39167186824385 2020
110.432944246013 2020
110.48791742677706 2020
110.56657785326036 2020
110.57115009838245 2020
110.63490935335943 2020
110.6835286809397 2020
110.69685968217205 2020
110.72670717779147 2020
110.7822836503507 2020
110.78591071723231 2020
110.81075432480023 2020
110.82105338284647 2020
110.86325856112214 2020
110.88603642150268 2020
110.88924131223868 2020
110.93598833105452 2020
111.21783362434016 2020
111.36731806256711 2020
111.49127786723034 2020
112.04293124740721 2020
112.30539750958638 2020
113.3474965944817 2020
113.66444492680313 2020
113.96220109081273 2020
113.9714731216271 2020
114.01933849615361 2020
114.05032879425876 2020
114.0894113729936 2020
114.09032121397993 2020
114.09932729835435 2020
114.17057107191076 2020
114.1916788168793 2020
114.29915457497441 2020
114.32318012168281 2020
114.74903527530255 2020
114.93859172149274 2020
114.997985579958 2020
115.28767146716972 2020
115.34521414617498 2020
115.46099832277363 2020
115.83887588095206 2020
115.86309072765596 2020
115.88603822610631 2020
115.90536997841652 2020
115.94730436104616 2020
116.1189078872008 2020
116.19154771031896 2020
116.27978719302806 2020
116.32396844909456 2020
116.33134293451005 2020
116.45132775791373 2020
117.13999198197223 2020
117.96184040617841 2020
118.58258991732318 2020
118.74424896341338 2020
118.77464895769097 2020
118.775844761923 2020
118.81831471312736 2020
118.82063553716978 2020
118.83219596278164 2020
118.93532741707187 2020
119.05536756646251 2020
119.05745332930996 2020
119.08172799152115 2020
119.09343036515163 2020
119.34215993736585 2020
119.37642147390324 2020
120.02525969478023 2020
120.17869294951406 2020
120.22843022435357 2020
120.23319392313327 2020
120.24448494957576 2020
120.2991203560764 2020
120.3513547413652 2020
120.36633538426406 2020
120.53470667385878 2020
120.57255344242452 2020
120.58053524721036 2020
120.60296384047857 2020
120.61489297322808 2020
120.64528864207062 2020
120.71241894305405 2020
120.78750410038074 2020
120.7922902462827 2020
120.80144089330769 2020
120.84632291159622 2020
120.88499974233488 2020
120.94133138796113 2020
120.98957979749886 2020
121.00506075097607 2020
121.02160645369139 2020
121.03992349214911 2020
121.04242015181697 2020
121.05533566867993 2020
121.06075556034625 2020
121.10042505965771 2020
121.17261867901968 2020
121.18497576544408 2020
121.19986654056785 2020
121.21136125109368 2020
121.21880662835062 2020
121.27395880006557 2020
121.2817414229863 2020
121.29027229514085 2020
121.32074828326958 2020
121.35936864717469 2020
121.36680332628694 2020
121.38495862486866 2020
121.38662241422043 2020
121.4130251804439 2020
121.47580048771968 2020
121.4808456109771 2020
121.48220046618681 2020
121.4955173706285 2020
121.50090409626429 2020
121.50174837640904 2020
121.51320731783284 2020
121.5196498165021 2020
121.82272191812076 2020
121.8241827610351 2020
121.82537414915886 2020
121.85222475540613 2020
121.90333627677853 2020
121.93964148442697 2020
121.94648675154605 2020
121.95313221803065 2020
121.98910228123123 2020
122.04012942022788 2020
122.07225461974892 2020
122.08746079346153 2020
122.0892125568578 2020
122.1219259620099 2020
122.12483924920507 2020
122.13396237335087 2020
122.14762648057766 2020
122.27498859930932 2020
122.54641289623693 2020
122.60834813875385 2020
122.61380582366593 2020
122.6189559798631 2020
122.70595148829045 2020
122.7177605342274 2020
122.71913681613984 2020
122.73368502006946 2020
122.79541779806323 2020
122.85410898232826 2020
122.85517548533906 2020
122.85745390483906 2020
122.89491381542665 2020
122.96760470244499 2020
122.97832071872443 2020
122.98819020540303 2020
123.00102361453871 2020
123.00438961034138 2020
123.02228011900701 2020
123.05186403026832 2020
123.05242017619597 2020
123.07056022777473 2020
123.07093518873972 2020
123.07614432719495 2020
123.08615589597139 2020
