4.0 5.0 2.0
0.02433069014090094 1528
0.0306593181261931 1528
0.30608760758683046 1528
0.3295689992050775 1528
0.5117035405235522 1528
0.5175777203717221 1528
0.5488731951735768 1528
0.5623680982633724 1528
0.5944371725860048 1528
0.6009013114964841 1528
0.6209181823395191 1528
0.6790546233634578 1528
0.7017394997813322 1528
0.7265314991564685 1528
0.7267604147642411 1528
0.7305295547959814 1528
0.7630911572540533 1528
0.7758808876655254 1528
0.7763540696992852 1528
0.8003744475016614 1528
0.8073509362668932 1528
0.814381179811165 1528
0.8364623162588385 1528
0.8402739100712107 1528
0.8415419822023795 1528
0.8657930987632972 1528
0.8942392467755917 1528
1.036931091352462 1528
1.0671109383852613 1528
1.1574728300396706 1528
1.1778521082517668 1528
1.2264891577245796 1528
1.2737783864849543 1528
1.296364436560519 1528
1.8440784032712072 1528
1.905059480336254 1528
1.9422665849260006 1528
1.979371198459848 1528
1.9955025365435706 1528
2.0553205604051943 1528
2.0686124789110414 1528
2.107788161091388 1528
2.1865635589694454 1528
2.2957663962420582 1528
2.3760137460255706 1528
2.419334990944228 1528
2.431286195796508 1528
2.523213666186953 1528
2.6349961945810016 1528
2.6672307208926744 1528
2.7398098659755954 1528
2.748463072104686 1528
2.78863954501473 1528
2.8138220930841236 1528
2.822141032515141 1528
2.8500866064323107 1528
2.8947431485381347 1528
2.9310454790862255 1528
2.937553536836636 1528
2.943922586442123 1528
2.9746637342238698 1528
3.0368195383953998 1528
3.074872352317446 1528
3.0765278328881664 1528
3.094910701112478 1528
3.1073352697583116 1528
3.1143383005028085 1528
3.1286220818989268 1528
3.1530645563485833 1528
3.157209337954466 1528
3.15741445048186 1528
3.2236422945804306 1528
3.2313878302122188 1528
3.2600315794433987 1528
3.2628578544400004 1528
3.3066758102898683 1528
3.3304497299501286 1528
3.343931165003024 1528
3.380152168004721 1528
3.465895778800641 1528
3.517653554771091 1528
3.675282109317034 1528
3.747462815591427 1528
3.8422099914330716 1528
3.929214110814022 1528
3.9455389138842354 1528
3.975115180476356 1528
4.014758409128528 1528
4.131440724818644 1528
4.282670088249466 1528
4.31797338487841 1528
4.363230389451289 1528
4.428331248300056 1528
4.465546302837332 1528
4.529664897416089 1528
4.752196129142629 1528
4.763033205837344 1528
4.763268609830416 1528
4.7881386733414555 1528
4.819468827783109 1528
4.83208969203174 1528
